{"relation_matrix": [[0, 114, 33, 98, 59, 73], [114, 0, 12, 25, 23, 45], [33, 12, 0, 87, 23, 24], [98, 25, 87, 0, 945, 212], [59, 23, 23, 945, 0, 224], [73, 45, 24, 212, 224, 0]], "project_names": {"0": "WORLD END ECONOMiCA", "1": "fault milestone one", "2": "WAS", "3": "CLANNAD", "4": "The Grisaia Trilogy", "5": "Memory's Dogma\n"}}